from torch import Tensor


def save_grid(
    grid: Tensor, grid_type: str, parameterization: str, overwrite: bool = False
) -> None:
    """
    Saves a grid to the cache.

    Arguments:
        - grid: Tensor containing the grid.
        - type: Grid type, e.g., SO3.
        - parameterization: Parameterization, e.g., "quat".
    """
    if not overwrite:
        try:
            load_grid(grid.shape[0], grid_type, parameterization)
        except KeyError:
            pass
        else:
            return
    _grid_cache[grid_type.lower()][parameterization.lower()][grid.shape[0]] = grid


def load_grid(size: str, grid_type: str, parameterization: str) -> Tensor:
    return _grid_cache[grid_type.lower()][parameterization.lower()][size]


_grid_cache: dict[str, dict[str, dict[int, Tensor]]] = {
    "so3": {
        "quat": {
            1: Tensor([[1.0, 0.0, 0.0, 0.0]]),
            2: Tensor(
                [
                    [8.5714e-01, -1.1169e-02, -8.0601e-03, -5.1492e-01],
                    [3.6036e-04, -5.6711e-01, 8.2364e-01, 6.0139e-04],
                ]
            ),
            3: Tensor(
                [
                    [7.9734e-01, 5.0712e-01, -2.8458e-01, 1.6152e-01],
                    [7.8041e-01, -5.2578e-01, 2.4840e-01, -2.2981e-01],
                    [2.8153e-07, 4.5854e-01, 8.8867e-01, 6.5067e-06],
                ]
            ),
            4: Tensor(
                [
                    [0.8421, 0.4629, -0.1912, -0.2000],
                    [-0.3399, 0.8252, 0.0472, 0.4486],
                    [0.3045, -0.2976, -0.6354, 0.6442],
                    [0.4244, -0.1165, 0.8393, 0.3194],
                ]
            ),
            5: Tensor(
                [
                    [0.1455, -0.6295, -0.2726, 0.7129],
                    [0.9614, -0.0047, -0.0025, 0.2751],
                    [-0.5704, 0.1918, 0.1115, 0.7908],
                    [0.2601, 0.8027, 0.4240, 0.3289],
                    [0.0265, -0.4852, 0.8690, -0.0932],
                ]
            ),
            6: Tensor(
                [
                    [0.8660, 0.3071, -0.1864, -0.3477],
                    [-0.3681, 0.2066, -0.3233, 0.8470],
                    [0.1843, 0.3198, 0.8738, 0.3166],
                    [0.0055, -0.6785, 0.7345, -0.0059],
                    [0.7267, -0.0087, -0.0082, 0.6869],
                    [-0.3293, 0.8657, 0.3213, -0.1969],
                ]
            ),
            7: Tensor(
                [
                    [0.6922, -0.0486, -0.5454, -0.4701],
                    [-0.1043, 0.5218, 0.7086, -0.4633],
                    [-0.0103, 0.9999, 0.0054, -0.0014],
                    [-0.0294, 0.0156, 0.0079, 0.9994],
                    [0.8980, -0.2854, 0.3347, -0.0088],
                    [0.0599, -0.3538, 0.9334, 0.0022],
                    [0.6530, 0.5216, 0.2155, 0.5050],
                ]
            ),
            8: Tensor(
                [
                    [0.6876, -0.4669, 0.0080, -0.5560],
                    [0.3671, 0.1167, 0.7854, 0.4845],
                    [0.6166, 0.6843, 0.2286, 0.3149],
                    [0.2342, -0.4131, -0.5002, 0.7241],
                    [-0.2608, -0.2769, 0.3131, 0.8702],
                    [-0.1280, 0.9876, -0.0183, -0.0890],
                    [0.8512, 0.1165, -0.5010, 0.1047],
                    [0.2058, -0.3233, 0.8379, -0.3887],
                ]
            ),
            9: Tensor(
                [
                    [0.4130, 0.0157, 0.0117, 0.9105],
                    [0.9997, 0.0024, 0.0016, 0.0243],
                    [-0.0746, 0.6192, -0.5411, 0.5642],
                    [-0.0387, 0.9710, 0.2355, 0.0118],
                    [0.5612, 0.5893, -0.5262, -0.2469],
                    [0.0221, 0.4064, 0.7590, -0.5083],
                    [-0.5995, 0.0066, 0.0079, 0.8003],
                    [-0.0773, 0.3595, 0.8076, 0.4610],
                    [0.4904, -0.5608, 0.5609, 0.3611],
                ]
            ),
            10: Tensor(
                [
                    [-0.5492, -0.4771, 0.6303, 0.2710],
                    [0.5939, 0.1674, 0.7491, -0.2410],
                    [0.7909, -0.2869, -0.0796, -0.5347],
                    [-0.1995, 0.6752, 0.6914, 0.1622],
                    [-0.2311, 0.9079, -0.3200, 0.1408],
                    [-0.3130, -0.0018, 0.7400, -0.5953],
                    [0.0942, 0.4485, 0.0832, 0.8849],
                    [0.1112, 0.7144, 0.1733, -0.6688],
                    [0.9153, 0.1616, 0.0022, 0.3690],
                    [0.3600, -0.3118, 0.6224, 0.6211],
                ]
            ),
            11: Tensor(
                [
                    [0.8406, 0.0077, -0.5019, -0.2033],
                    [-0.3043, -0.6686, 0.0922, 0.6722],
                    [0.7279, -0.5543, 0.3080, -0.2608],
                    [0.1332, 0.0970, 0.7046, -0.6902],
                    [0.6309, 0.3525, -0.2872, 0.6287],
                    [-0.2121, 0.2885, 0.2238, 0.9065],
                    [-0.0513, -0.5639, 0.8213, 0.0694],
                    [0.0807, 0.9719, 0.0705, 0.2096],
                    [0.6088, -0.4960, 0.0837, 0.6135],
                    [-0.0262, 0.4345, 0.8773, 0.2024],
                    [0.8128, 0.3888, 0.4329, -0.0291],
                ]
            ),
            12: Tensor(
                [
                    [0.3982, 0.8461, -0.0598, 0.3492],
                    [-0.0891, 0.7972, -0.0657, -0.5934],
                    [0.0083, 0.2948, 0.8997, 0.3219],
                    [-0.6278, -0.0281, -0.0323, 0.7772],
                    [0.7604, -0.2969, 0.5775, -0.0124],
                    [-0.5308, 0.7622, 0.2298, 0.2907],
                    [-0.0720, -0.0069, 0.7243, -0.6857],
                    [-0.0294, -0.6064, 0.7946, -0.0117],
                    [0.7995, 0.1773, -0.5639, -0.1071],
                    [0.7665, -0.2251, -0.1331, 0.5866],
                    [0.1817, 0.2223, 0.2159, 0.9332],
                    [0.5140, 0.6024, 0.5369, -0.2911],
                ]
            ),
            13: Tensor(
                [
                    [8.9256e-01, 2.9275e-01, 1.6193e-01, 3.0235e-01],
                    [-6.0646e-02, 8.1296e-01, -2.7735e-01, -5.0842e-01],
                    [7.4231e-01, 1.6534e-01, -6.0016e-01, -2.4786e-01],
                    [-4.3257e-03, -5.0036e-01, 8.6581e-01, 2.4314e-05],
                    [7.2593e-01, -5.8749e-01, -2.6809e-01, 2.3667e-01],
                    [2.6972e-01, -9.7803e-02, -4.6816e-02, 9.5681e-01],
                    [7.2327e-01, -3.8016e-01, 5.1889e-01, -2.5123e-01],
                    [1.6442e-01, 8.9121e-01, 4.1892e-01, 5.6641e-02],
                    [-8.1789e-02, 2.5616e-01, 8.2481e-01, -4.9738e-01],
                    [2.6497e-01, 7.1824e-01, -3.1818e-01, 5.5918e-01],
                    [-4.2474e-01, 4.8735e-01, 2.3062e-01, 7.2726e-01],
                    [2.5308e-01, 1.4215e-01, 7.7405e-01, 5.6267e-01],
                    [-5.9699e-01, -3.9699e-01, -1.9999e-01, 6.6783e-01],
                ]
            ),
            14: Tensor(
                [
                    [0.3710, 0.6371, -0.5781, 0.3495],
                    [0.2795, -0.3454, 0.5435, 0.7122],
                    [0.9405, 0.1642, 0.1473, 0.2584],
                    [0.7516, -0.5144, -0.4058, 0.0760],
                    [-0.6172, 0.3025, -0.0258, 0.7259],
                    [0.1062, 0.6546, 0.3716, 0.6497],
                    [-0.2484, 0.0784, 0.9151, 0.3079],
                    [0.4091, 0.0650, -0.1703, 0.8941],
                    [0.5961, -0.4277, 0.6735, -0.0905],
                    [0.0145, 0.0737, 0.8260, -0.5587],
                    [-0.0683, -0.6162, -0.1889, 0.7616],
                    [0.6776, 0.4723, -0.3457, -0.4452],
                    [0.4798, 0.6146, 0.6152, -0.1166],
                    [-0.1606, 0.9811, -0.1043, -0.0282],
                ]
            ),
            15: Tensor(
                [
                    [-0.2049, 0.0690, 0.8048, -0.5527],
                    [-0.0244, 0.3626, 0.6854, 0.6309],
                    [0.7440, 0.0540, 0.5152, 0.4221],
                    [0.3755, -0.5511, 0.0735, 0.7415],
                    [-0.4746, 0.0029, -0.0644, 0.8778],
                    [-0.3092, 0.8114, 0.4789, -0.1289],
                    [0.5415, 0.3633, 0.6612, -0.3709],
                    [0.8657, -0.4504, 0.1479, -0.1608],
                    [-0.6415, 0.0701, 0.6941, 0.3191],
                    [0.1756, -0.3889, 0.8889, 0.1667],
                    [0.3686, 0.7578, -0.2863, -0.4559],
                    [-0.1692, 0.8026, -0.3889, 0.4194],
                    [0.4248, 0.8374, 0.2578, 0.2277],
                    [0.8639, 0.3023, -0.3244, 0.2390],
                    [0.3161, 0.2993, -0.0826, 0.8965],
                ]
            ),
            16: Tensor(
                [
                    [0.3467, 0.8101, -0.0310, 0.4717],
                    [-0.6685, 0.6981, 0.2053, -0.1536],
                    [-0.3487, 0.1623, 0.7811, -0.4919],
                    [-0.3681, 0.7079, -0.5392, 0.2696],
                    [0.4216, -0.5111, 0.4501, 0.5987],
                    [0.0360, 0.7519, 0.6532, 0.0821],
                    [-0.4813, 0.5529, 0.1127, 0.6707],
                    [-0.4491, -0.6073, 0.6502, 0.0817],
                    [0.7859, 0.2743, 0.5060, 0.2261],
                    [0.2185, -0.1065, 0.9680, 0.0621],
                    [0.9141, 0.1295, -0.1489, -0.3543],
                    [-0.2609, 0.0434, 0.6816, 0.6823],
                    [0.2425, 0.8217, 0.0413, -0.5141],
                    [0.8475, 0.0939, -0.2028, 0.4814],
                    [0.0975, -0.0227, -0.0769, 0.9920],
                    [-0.5311, -0.1637, -0.5595, 0.6149],
                ]
            ),
            17: Tensor(
                [
                    [-0.2670, -0.2118, 0.6000, 0.7237],
                    [-0.4779, 0.1624, -0.1377, 0.8522],
                    [0.7188, -0.6136, 0.2849, -0.1602],
                    [0.0828, -0.3717, 0.8018, -0.4606],
                    [0.0678, 0.8895, -0.1458, 0.4278],
                    [0.8982, -0.0386, -0.3122, -0.3069],
                    [0.7112, 0.1837, 0.6366, -0.2350],
                    [0.0103, -0.4493, -0.5842, 0.6758],
                    [-0.2348, 0.1600, 0.9553, 0.0812],
                    [0.4059, 0.5691, 0.5275, 0.4827],
                    [-0.3241, 0.8170, 0.4702, 0.0801],
                    [0.3808, 0.1333, -0.0149, 0.9149],
                    [0.7919, -0.3211, -0.2854, 0.4339],
                    [0.6893, 0.5022, -0.4753, 0.2161],
                    [0.5227, -0.2176, 0.6949, 0.4432],
                    [-0.2162, 0.7960, -0.1983, -0.5294],
                    [0.5575, 0.7539, 0.0624, -0.3420],
                ]
            ),
            18: Tensor(
                [
                    [0.8123, 0.0192, -0.5734, -0.1051],
                    [0.8330, -0.1568, -0.0747, 0.5253],
                    [-0.3253, 0.7152, -0.3232, -0.5275],
                    [-0.4250, 0.8298, 0.3617, -0.0062],
                    [0.8377, 0.4208, 0.3259, -0.1222],
                    [-0.3083, 0.3674, 0.5712, 0.6661],
                    [-0.1058, -0.4025, 0.8952, 0.1595],
                    [0.4077, 0.8821, -0.2055, -0.1161],
                    [-0.5506, -0.3425, 0.1864, 0.7381],
                    [0.0203, 0.4178, 0.9078, -0.0299],
                    [0.5682, -0.0142, 0.7095, 0.4167],
                    [0.4322, -0.0622, 0.6922, -0.5747],
                    [0.4057, 0.6877, 0.2892, 0.5281],
                    [0.0063, -0.5995, -0.4329, 0.6731],
                    [-0.1962, 0.8034, -0.3071, 0.4709],
                    [0.1482, 0.0714, -0.0042, 0.9864],
                    [0.8755, -0.3923, 0.1507, -0.2384],
                    [-0.4130, -0.2899, 0.6503, -0.5679],
                ]
            ),
            19: Tensor(
                [
                    [-0.6058, 0.4886, 0.0592, 0.6251],
                    [0.7130, 0.4479, 0.4027, 0.3589],
                    [0.7939, -0.2835, -0.5377, -0.0161],
                    [0.8341, -0.4027, 0.2699, 0.2633],
                    [-0.2753, -0.1657, 0.9078, -0.2696],
                    [0.2521, -0.2410, 0.8720, 0.3435],
                    [0.2623, 0.0471, 0.3329, 0.9045],
                    [0.1634, 0.6990, -0.1597, 0.6776],
                    [0.0964, 0.5255, 0.7639, -0.3620],
                    [-0.2245, -0.1054, -0.3345, 0.9091],
                    [0.4905, 0.7076, -0.5083, 0.0192],
                    [0.6149, -0.0318, -0.3417, 0.7100],
                    [0.4287, -0.4620, 0.6785, -0.3774],
                    [-0.3221, 0.9456, 0.0289, 0.0342],
                    [0.8902, 0.1980, 0.1876, -0.3648],
                    [-0.4829, -0.2328, 0.5207, 0.6644],
                    [-0.1665, 0.6956, -0.1446, -0.6838],
                    [-0.0900, 0.5678, 0.6937, 0.4340],
                    [0.4169, 0.8585, 0.1673, -0.2474],
                ]
            ),
            20: Tensor(
                [
                    [6.5408e-01, -2.9110e-01, 6.2212e-01, 3.1687e-01],
                    [8.4725e-02, -5.4997e-01, 1.5351e-01, 8.1657e-01],
                    [-3.4947e-02, -6.5867e-01, 7.3344e-01, -1.6430e-01],
                    [-4.6519e-01, 5.6340e-01, 6.0243e-01, 3.2134e-01],
                    [-5.5856e-01, -3.8849e-02, 1.3173e-01, 8.1801e-01],
                    [7.9456e-01, 3.2380e-01, 8.8426e-04, 5.1365e-01],
                    [6.0225e-01, 7.5012e-01, -1.3157e-01, -2.3938e-01],
                    [8.4110e-03, 6.9400e-01, 5.6915e-01, -4.4086e-01],
                    [6.6003e-01, 2.1620e-01, 5.7078e-01, -4.3799e-01],
                    [-3.0555e-01, 9.4066e-01, -6.8916e-02, -1.3056e-01],
                    [-6.6903e-01, -1.4996e-01, 7.0655e-01, -1.7518e-01],
                    [5.8961e-01, -5.5198e-01, 3.1258e-01, -4.9998e-01],
                    [7.1279e-01, -4.3253e-01, -2.5286e-01, 4.9082e-01],
                    [4.4713e-01, 5.9100e-01, 6.3117e-01, 2.2893e-01],
                    [-2.4445e-01, -2.5661e-01, 7.8818e-01, 5.0316e-01],
                    [1.1678e-01, 1.0139e-01, -4.9606e-01, 8.5440e-01],
                    [5.4111e-02, 1.1268e-01, 9.8381e-01, -1.2842e-01],
                    [9.8591e-01, -7.7490e-02, -7.0527e-02, -1.3039e-01],
                    [1.8217e-01, 2.1794e-01, 4.2950e-01, 8.5723e-01],
                    [1.3621e-01, 8.1851e-01, -5.1172e-03, 5.5809e-01],
                ]
            ),
            21: Tensor(
                [
                    [0.3495, 0.7919, 0.3422, -0.3656],
                    [0.2280, 0.3659, -0.1628, 0.8875],
                    [-0.0853, 0.1572, 0.6090, 0.7727],
                    [0.6863, -0.1172, 0.3229, 0.6411],
                    [-0.3606, -0.3031, 0.8164, -0.3341],
                    [0.9055, -0.4180, 0.0714, -0.0166],
                    [0.0280, -0.4125, 0.0643, 0.9083],
                    [-0.1813, -0.1423, -0.6701, 0.7055],
                    [-0.4167, 0.5844, -0.5116, 0.4724],
                    [0.7010, -0.1427, -0.6604, -0.2283],
                    [0.5638, -0.4220, -0.4772, 0.5257],
                    [0.2448, -0.3524, 0.8696, 0.2443],
                    [0.8999, 0.3681, -0.1552, 0.1745],
                    [-0.0125, 0.4006, 0.9161, 0.0050],
                    [0.4551, 0.5741, -0.5068, -0.4545],
                    [-0.7053, -0.0014, -0.0099, 0.7088],
                    [0.7561, 0.1405, 0.6289, -0.1142],
                    [0.4604, 0.6334, 0.4434, 0.4361],
                    [0.2471, 0.8977, -0.2874, 0.2248],
                    [-0.3351, 0.8618, -0.1918, -0.3289],
                    [-0.3526, 0.7996, 0.3264, 0.3602],
                ]
            ),
            22: Tensor(
                [
                    [-1.9472e-01, 5.6641e-01, -3.7111e-01, 7.0961e-01],
                    [6.6609e-01, 5.3094e-01, -3.8028e-01, -3.6029e-01],
                    [-4.3891e-01, 2.6626e-02, 8.1660e-01, 3.7390e-01],
                    [8.2317e-01, -4.4565e-02, 1.9316e-01, -5.3206e-01],
                    [-4.3184e-01, -8.9566e-02, 8.2242e-01, -3.5932e-01],
                    [-6.0387e-01, 6.3641e-01, 2.9635e-01, 3.7749e-01],
                    [7.4162e-01, -5.4958e-01, 3.6369e-01, 1.2526e-01],
                    [-6.7856e-04, -6.9530e-01, 7.1867e-01, 8.3386e-03],
                    [-1.4030e-02, -1.6685e-01, -5.0395e-01, 8.4735e-01],
                    [9.5954e-01, -2.2459e-02, -2.3395e-01, 1.5510e-01],
                    [3.5565e-01, -6.6920e-02, 7.6004e-01, 5.3978e-01],
                    [5.5375e-01, 6.6408e-01, -2.5646e-01, 4.3195e-01],
                    [3.4599e-02, 9.9797e-01, 5.3058e-02, 7.2441e-03],
                    [4.2709e-01, 6.6892e-01, 3.2817e-01, -5.1229e-01],
                    [4.1837e-01, -6.0184e-02, 8.6633e-01, -2.6612e-01],
                    [7.7848e-01, 4.3805e-01, 4.2853e-01, 1.3579e-01],
                    [8.3578e-03, 5.7382e-01, 8.1890e-01, -8.5572e-03],
                    [-2.9736e-01, -9.4005e-03, 2.4919e-01, 9.2162e-01],
                    [1.3134e-01, 6.0091e-01, 4.1674e-01, 6.6932e-01],
                    [5.4807e-01, 1.0924e-02, -4.8371e-04, 8.3636e-01],
                    [-5.1335e-01, 6.3526e-01, 3.8816e-01, -4.2691e-01],
                    [1.0335e-01, -6.5505e-01, 2.8198e-01, 6.9333e-01],
                ]
            ),
            23: Tensor(
                [
                    [-0.2144, 0.0055, 0.3109, 0.9259],
                    [-0.4401, 0.3444, 0.7127, 0.4239],
                    [0.6790, 0.2079, -0.6678, 0.2232],
                    [0.0059, 0.9622, 0.2571, -0.0900],
                    [-0.1394, 0.2531, -0.6342, 0.7172],
                    [0.4432, 0.5810, -0.4519, -0.5117],
                    [0.3053, 0.5852, 0.6338, 0.4033],
                    [0.8526, -0.4607, -0.1069, 0.2224],
                    [0.5217, 0.5822, 0.3234, -0.5332],
                    [-0.0816, -0.2479, 0.9449, 0.1978],
                    [-0.3721, 0.5061, 0.7068, -0.3254],
                    [0.8429, -0.0589, -0.0064, -0.5349],
                    [0.4195, -0.1176, 0.6193, 0.6532],
                    [-0.2958, 0.7553, -0.2510, -0.5282],
                    [0.8557, 0.4759, 0.1513, 0.1356],
                    [0.1169, 0.5940, -0.0101, 0.7959],
                    [-0.5121, 0.7595, 0.0567, 0.3971],
                    [0.6754, 0.0906, -0.0775, 0.7277],
                    [0.1162, -0.3544, -0.2728, 0.8868],
                    [0.3049, 0.2335, 0.8949, -0.2273],
                    [0.3745, 0.8485, -0.3194, 0.1943],
                    [0.8119, -0.1636, 0.5604, 0.0065],
                    [-0.3033, 0.6907, -0.6422, 0.1361],
                ]
            ),
            24: Tensor(
                [
                    [-1.9565e-01, -6.4793e-03, -7.6139e-02, 9.7769e-01],
                    [4.5081e-01, 4.9467e-01, -4.8108e-01, 5.6624e-01],
                    [-6.8653e-01, 7.1045e-01, -8.4750e-02, -1.2942e-01],
                    [-8.0373e-02, 7.3856e-01, 6.6780e-01, 4.5944e-02],
                    [8.0465e-01, 4.0475e-03, 1.1772e-01, -5.8195e-01],
                    [9.8164e-01, 4.0634e-03, 1.0197e-01, 1.6115e-01],
                    [6.8419e-01, 7.1444e-01, 6.5105e-02, 1.3121e-01],
                    [-2.2725e-01, 1.4432e-02, 6.3711e-01, 7.3637e-01],
                    [5.5261e-01, -7.9192e-03, 1.7283e-02, 8.3322e-01],
                    [3.2289e-01, -5.0078e-01, 5.2172e-01, 6.1055e-01],
                    [-1.2684e-01, 4.6530e-02, 9.8905e-01, 5.9432e-02],
                    [5.1619e-02, 1.7412e-02, 7.5167e-01, -6.5728e-01],
                    [5.2849e-01, -4.8431e-01, 5.8434e-01, -3.8038e-01],
                    [-8.7086e-02, -6.9675e-01, 7.1130e-01, 3.1662e-02],
                    [6.3315e-01, -5.0860e-01, -3.9591e-01, -4.2862e-01],
                    [3.3409e-01, 5.0441e-01, 5.0129e-01, 6.1860e-01],
                    [6.0807e-01, 1.9742e-02, 7.7572e-01, 1.6766e-01],
                    [1.4466e-01, 7.1291e-01, 4.2248e-02, -6.8487e-01],
                    [7.7290e-01, -1.5362e-02, -6.2711e-01, 9.5524e-02],
                    [4.3792e-01, -5.2371e-01, -4.7216e-01, 5.5769e-01],
                    [-6.6620e-04, 9.9989e-01, -1.4778e-02, 3.7467e-04],
                    [5.2227e-01, 5.1824e-01, 5.6981e-01, -3.6603e-01],
                    [-1.3495e-01, 7.0737e-01, -5.2890e-02, 6.9182e-01],
                    [6.3869e-01, 4.9484e-01, -4.1245e-01, -4.2082e-01],
                ]
            ),
        },
        "matrix": {
            1: Tensor([[1.0, 0.0, 0.0], [0.0, 1.0, 0.0], [0.0, 0.0, 1.0]]),
            2: Tensor(
                [
                    [
                        [4.6959e-01, 8.8288e-01, -2.3144e-03],
                        [-8.8252e-01, 4.6947e-01, 2.7448e-02],
                        [2.5320e-02, -1.0847e-02, 9.9962e-01],
                    ],
                    [
                        [-3.5677e-01, -9.3419e-01, -8.8483e-05],
                        [-9.3419e-01, 3.5677e-01, 1.3994e-03],
                        [-1.2757e-03, 5.8192e-04, -1.0000e00],
                    ],
                ]
            ),
            3: Tensor(
                [
                    [
                        [7.8585e-01, -5.4620e-01, -2.8999e-01],
                        [-3.1061e-02, 4.3348e-01, -9.0063e-01],
                        [6.1763e-01, 7.1677e-01, 3.2368e-01],
                    ],
                    [
                        [7.7097e-01, 9.7492e-02, 6.2937e-01],
                        [-6.1990e-01, 3.4149e-01, 7.0648e-01],
                        [-1.4605e-01, -9.3482e-01, 3.2371e-01],
                    ],
                    [
                        [-5.7948e-01, 8.1499e-01, 6.4676e-06],
                        [8.1499e-01, 5.7948e-01, 1.1306e-05],
                        [5.4668e-06, 1.1823e-05, -1.0000e00],
                    ],
                ]
            ),
            4: Tensor(
                [
                    [
                        [0.8469, 0.1598, -0.5072],
                        [-0.5139, 0.4914, -0.7032],
                        [0.1368, 0.8562, 0.4983],
                    ],
                    [
                        [0.5930, 0.3829, 0.7083],
                        [-0.2270, -0.7645, 0.6033],
                        [0.7725, -0.5186, -0.3665],
                    ],
                    [
                        [-0.6375, -0.0141, -0.7703],
                        [0.7704, -0.0071, -0.6375],
                        [0.0035, -0.9999, 0.0154],
                    ],
                    [
                        [-0.6127, -0.4666, 0.6379],
                        [0.0755, 0.7689, 0.6349],
                        [-0.7867, 0.4372, -0.4358],
                    ],
                ]
            ),
            5: Tensor(
                [
                    [
                        [-0.1652, 0.1357, -0.9769],
                        [0.5507, -0.8090, -0.2055],
                        [-0.8182, -0.5719, 0.0589],
                    ],
                    [
                        [0.8486, -0.5290, -0.0074],
                        [0.5291, 0.8486, 0.0077],
                        [0.0022, -0.0104, 0.9999],
                    ],
                    [
                        [-0.2757, 0.9449, 0.1763],
                        [-0.8594, -0.3245, 0.3951],
                        [0.4306, -0.0426, 0.9016],
                    ],
                    [
                        [0.4240, 0.5096, 0.7487],
                        [0.8518, -0.5051, -0.1386],
                        [0.3075, 0.6965, -0.6483],
                    ],
                    [
                        [-0.5278, -0.8383, 0.1366],
                        [-0.8482, 0.5118, -0.1362],
                        [0.0443, -0.1877, -0.9812],
                    ],
                ]
            ),
            6: Tensor(
                [
                    [
                        [6.8871e-01, 4.8782e-01, -5.3638e-01],
                        [-7.1676e-01, 5.6951e-01, -4.0237e-01],
                        [1.0919e-01, 6.6157e-01, 7.4189e-01],
                    ],
                    [
                        [-6.4367e-01, 4.8995e-01, 5.8790e-01],
                        [-7.5707e-01, -5.2000e-01, -3.9553e-01],
                        [1.1192e-01, -6.9968e-01, 7.0564e-01],
                    ],
                    [
                        [-7.2751e-01, 4.4220e-01, 5.2458e-01],
                        [6.7559e-01, 5.9502e-01, 4.3535e-01],
                        [-1.1962e-01, 6.7112e-01, -7.3163e-01],
                    ],
                    [
                        [-7.9126e-02, -9.9673e-01, 1.6168e-02],
                        [-9.9686e-01, 7.9118e-02, -1.1565e-03],
                        [-1.2650e-04, -1.6209e-02, -9.9987e-01],
                    ],
                    [
                        [5.6290e-02, -9.9813e-01, -2.3877e-02],
                        [9.9841e-01, 5.6276e-02, 1.2435e-03],
                        [1.0252e-04, -2.3910e-02, 9.9971e-01],
                    ],
                    [
                        [7.1593e-01, 4.2670e-01, -5.5260e-01],
                        [6.8610e-01, -5.7655e-01, 4.4369e-01],
                        [-1.2927e-01, -6.9679e-01, -7.0553e-01],
                    ],
                ]
            ),
            7: Tensor(
                [
                    [
                        [-0.0369, 0.7039, -0.7093],
                        [-0.5978, 0.5533, 0.5801],
                        [0.8008, 0.4454, 0.4004],
                    ],
                    [
                        [-0.4336, 0.6429, -0.6314],
                        [0.8362, 0.0261, -0.5477],
                        [-0.3357, -0.7655, -0.5490],
                    ],
                    [
                        [0.9999, 0.0109, -0.0029],
                        [0.0109, -0.9997, 0.0207],
                        [-0.0027, -0.0207, -0.9998],
                    ],
                    [
                        [-0.9978, 0.0590, 0.0308],
                        [-0.0585, -0.9981, 0.0167],
                        [0.0317, 0.0149, 0.9994],
                    ],
                    [
                        [0.7758, -0.1752, 0.6062],
                        [-0.2070, 0.8369, 0.5067],
                        [-0.5961, -0.5186, 0.6130],
                    ],
                    [
                        [-0.7424, -0.6608, 0.1104],
                        [-0.6603, 0.7496, 0.0464],
                        [-0.1134, -0.0384, -0.9928],
                    ],
                    [
                        [0.3970, -0.4348, 0.8083],
                        [0.8844, -0.0541, -0.4635],
                        [0.2453, 0.8989, 0.3630],
                    ],
                ]
            ),
            8: Tensor(
                [
                    [
                        [0.3816, 0.7571, 0.5302],
                        [-0.7721, -0.0542, 0.6331],
                        [0.5081, -0.6510, 0.5639],
                    ],
                    [
                        [-0.7033, -0.1723, 0.6897],
                        [0.5391, 0.5032, 0.6754],
                        [-0.4635, 0.8468, -0.2610],
                    ],
                    [
                        [0.6971, -0.0755, 0.7130],
                        [0.7013, -0.1350, -0.7000],
                        [0.1491, 0.9880, -0.0412],
                    ],
                    [
                        [-0.5490, 0.0742, -0.8325],
                        [0.7524, -0.3899, -0.5309],
                        [-0.3640, -0.9178, 0.1583],
                    ],
                    [
                        [-0.7106, 0.2805, -0.6452],
                        [-0.6272, -0.6680, 0.4005],
                        [-0.3187, 0.6893, 0.6506],
                    ],
                    [
                        [0.9835, -0.0590, -0.1712],
                        [-0.0134, -0.9666, 0.2560],
                        [-0.1805, -0.2495, -0.9514],
                    ],
                    [
                        [0.4761, -0.2949, -0.8285],
                        [0.0615, 0.9510, -0.3032],
                        [0.8772, 0.0934, 0.4709],
                    ],
                    [
                        [-0.7062, -0.3818, 0.5962],
                        [-0.7018, 0.4888, -0.5183],
                        [-0.0935, -0.7844, -0.6131],
                    ],
                ]
            ),
            9: Tensor(
                [
                    [
                        [-0.6583, -0.7517, 0.0383],
                        [0.7525, -0.6586, 0.0084],
                        [0.0189, 0.0343, 0.9992],
                    ],
                    [
                        [0.9988, -0.0486, 0.0033],
                        [0.0486, 0.9988, -0.0047],
                        [-0.0031, 0.0049, 1.0000],
                    ],
                    [
                        [-0.2221, -0.5859, 0.7793],
                        [-0.7542, -0.4033, -0.5182],
                        [0.6179, -0.7029, -0.3523],
                    ],
                    [
                        [0.8888, 0.4583, 0.0047],
                        [0.4565, -0.8860, 0.0807],
                        [0.0412, -0.0696, -0.9967],
                    ],
                    [
                        [0.3243, -0.3431, -0.8815],
                        [-0.8972, 0.1837, -0.4016],
                        [0.2997, 0.9212, -0.2482],
                    ],
                    [
                        [-0.6688, 0.6394, -0.3795],
                        [0.5943, 0.1530, -0.7895],
                        [-0.4467, -0.7535, -0.4823],
                    ],
                    [
                        [-0.2812, 0.9596, 0.0011],
                        [-0.9594, -0.2812, 0.0206],
                        [0.0201, 0.0047, 0.9998],
                    ],
                    [
                        [-0.7295, 0.6521, 0.2066],
                        [0.5094, 0.3165, 0.8002],
                        [0.4564, 0.6890, -0.5631],
                    ],
                    [
                        [0.1100, -0.9833, 0.1450],
                        [-0.2749, 0.1101, 0.9552],
                        [-0.9552, -0.1450, -0.2582],
                    ],
                ]
            ),
            10: Tensor(
                [
                    [
                        [0.0586, -0.3038, -0.9509],
                        [-0.8992, 0.3978, -0.1824],
                        [0.4337, 0.8657, -0.2499],
                    ],
                    [
                        [-0.2385, 0.5371, 0.8091],
                        [-0.0354, 0.8278, -0.5599],
                        [-0.9705, -0.1621, -0.1785],
                    ],
                    [
                        [0.4156, 0.8914, 0.1809],
                        [-0.8000, 0.2636, 0.5390],
                        [0.4327, -0.3688, 0.8227],
                    ],
                    [
                        [-0.0086, 0.9984, -0.0568],
                        [0.8689, 0.0355, 0.4937],
                        [0.4949, -0.0451, -0.8678],
                    ],
                    [
                        [0.7555, -0.5160, 0.4036],
                        [-0.6462, -0.6884, 0.3295],
                        [0.1078, -0.5098, -0.8535],
                    ],
                    [
                        [-0.8040, -0.3753, -0.4612],
                        [0.3700, 0.2913, -0.8822],
                        [0.4654, -0.8799, -0.0953],
                    ],
                    [
                        [-0.5799, -0.0921, 0.8095],
                        [0.2414, -0.9684, 0.0628],
                        [0.7781, 0.2318, 0.5838],
                    ],
                    [
                        [0.0454, 0.3965, -0.9169],
                        [0.0989, -0.9152, -0.3908],
                        [-0.9941, -0.0729, -0.0808],
                    ],
                    [
                        [0.7276, -0.6748, 0.1233],
                        [0.6762, 0.6754, -0.2942],
                        [0.1152, 0.2975, 0.9477],
                    ],
                    [
                        [-0.5463, -0.8354, 0.0608],
                        [0.0591, 0.0340, 0.9977],
                        [-0.8355, 0.5486, 0.0308],
                    ],
                ]
            ),
            11: Tensor(
                [
                    [
                        [0.4135, 0.3340, -0.8470],
                        [-0.3495, 0.9172, 0.1911],
                        [0.8408, 0.2170, 0.4960],
                    ],
                    [
                        [0.0792, 0.2859, -0.9550],
                        [-0.5324, -0.7978, -0.2830],
                        [-0.8428, 0.5308, 0.0890],
                    ],
                    [
                        [0.6742, 0.0384, 0.7375],
                        [-0.7212, 0.2495, 0.6463],
                        [-0.1592, -0.9676, 0.1959],
                    ],
                    [
                        [-0.9457, 0.3205, 0.0538],
                        [-0.0472, 0.0285, -0.9985],
                        [-0.3215, -0.9468, -0.0118],
                    ],
                    [
                        [0.0445, -0.9957, 0.0808],
                        [0.5907, -0.0390, -0.8059],
                        [0.8056, 0.0836, 0.5865],
                    ],
                    [
                        [-0.7435, 0.5137, 0.4281],
                        [-0.2554, -0.8099, 0.5281],
                        [0.6180, 0.2833, 0.7334],
                    ],
                    [
                        [-0.3588, -0.9191, -0.1626],
                        [-0.9334, 0.3544, 0.0562],
                        [0.0060, 0.1719, -0.9851],
                    ],
                    [
                        [0.9022, 0.1031, 0.4187],
                        [0.1708, -0.9771, -0.1272],
                        [0.3960, 0.1863, -0.8991],
                    ],
                    [
                        [0.2333, -0.8300, -0.5066],
                        [0.6639, -0.2447, 0.7067],
                        [-0.7105, -0.5012, 0.4939],
                    ],
                    [
                        [-0.6210, 0.7729, 0.1298],
                        [0.7517, 0.5405, 0.3779],
                        [0.2219, 0.3323, -0.9167],
                    ],
                    [
                        [0.6234, 0.3839, 0.6811],
                        [0.2894, 0.6960, -0.6571],
                        [-0.7263, 0.6068, 0.3229],
                    ],
                ]
            ),
            12: Tensor(
                [
                    [
                        [7.4899e-01, -3.7918e-01, 5.4335e-01],
                        [1.7695e-01, -6.7580e-01, -7.1553e-01],
                        [6.3852e-01, 6.3207e-01, -4.3908e-01],
                    ],
                    [
                        [2.8707e-01, -2.1061e-01, -9.3447e-01],
                        [9.4859e-04, -9.7547e-01, 2.2014e-01],
                        [-9.5791e-01, -6.4081e-02, -2.7983e-01],
                    ],
                    [
                        [-8.2610e-01, 5.2503e-01, 2.0469e-01],
                        [5.3571e-01, 6.1901e-01, 5.7432e-01],
                        [1.7483e-01, 5.8410e-01, -7.9263e-01],
                    ],
                    [
                        [-2.1028e-01, 9.7764e-01, -3.0875e-03],
                        [-9.7401e-01, -2.0977e-01, -8.5423e-02],
                        [-8.4160e-02, -1.4955e-02, 9.9634e-01],
                    ],
                    [
                        [3.3274e-01, -3.2412e-01, 8.8557e-01],
                        [-3.6177e-01, 8.2335e-01, 4.3728e-01],
                        [-8.7086e-01, -4.6588e-01, 1.5671e-01],
                    ],
                    [
                        [7.2533e-01, 6.5895e-01, 1.9919e-01],
                        [4.1786e-02, -3.3096e-01, 9.4272e-01],
                        [6.8713e-01, -6.7546e-01, -2.6759e-01],
                    ],
                    [
                        [-9.8953e-01, -1.0880e-01, -9.4855e-02],
                        [8.8773e-02, 5.9455e-02, -9.9428e-01],
                        [1.1382e-01, -9.9228e-01, -4.9174e-02],
                    ],
                    [
                        [-2.6291e-01, -9.6427e-01, -3.2649e-02],
                        [-9.6290e-01, 2.6437e-01, -5.4238e-02],
                        [6.0931e-02, 1.7178e-02, -9.9799e-01],
                    ],
                    [
                        [3.4115e-01, -2.8604e-02, -9.3957e-01],
                        [-3.7123e-01, 9.1419e-01, -1.6262e-01],
                        [8.6360e-01, 4.0428e-01, 3.0126e-01],
                    ],
                    [
                        [2.7647e-01, -8.3933e-01, -4.6808e-01],
                        [9.5915e-01, 2.1058e-01, 1.8891e-01],
                        [-5.9993e-02, -5.0118e-01, 8.6326e-01],
                    ],
                    [
                        [-8.3515e-01, -2.4314e-01, 4.9337e-01],
                        [4.3515e-01, -8.4070e-01, 3.2229e-01],
                        [3.3642e-01, 4.8384e-01, 8.0791e-01],
                    ],
                    [
                        [2.5396e-01, 9.4605e-01, 2.0121e-01],
                        [3.4760e-01, 1.0486e-01, -9.3176e-01],
                        [-9.0259e-01, 3.0657e-01, -3.0222e-01],
                    ],
                ]
            ),
            13: Tensor(
                [
                    [
                        [0.7647, -0.4449, 0.4661],
                        [0.6345, 0.6458, -0.4247],
                        [-0.1120, 0.6205, 0.7762],
                    ],
                    [
                        [0.3292, -0.5126, -0.7930],
                        [-0.3893, -0.8388, 0.3806],
                        [-0.8603, 0.1834, -0.4757],
                    ],
                    [
                        [0.1567, 0.1695, -0.9730],
                        [-0.5665, 0.8224, 0.0520],
                        [0.8091, 0.5430, 0.2249],
                    ],
                    [
                        [-0.4993, -0.8664, -0.0075],
                        [-0.8664, 0.4993, -0.0043],
                        [0.0075, 0.0044, -1.0000],
                    ],
                    [
                        [0.7442, -0.0286, -0.6673],
                        [0.6586, 0.1977, 0.7261],
                        [0.1111, -0.9798, 0.1660],
                    ],
                    [
                        [-0.8354, -0.5070, -0.2124],
                        [0.5253, -0.8501, -0.0368],
                        [-0.1619, -0.1423, 0.9765],
                    ],
                    [
                        [0.3353, -0.0311, 0.9416],
                        [-0.7579, 0.5847, 0.2892],
                        [-0.5596, -0.8106, 0.1725],
                    ],
                    [
                        [0.6426, 0.7281, 0.2387],
                        [0.7653, -0.5949, -0.2456],
                        [-0.0368, 0.3405, -0.9395],
                    ],
                    [
                        [-0.8554, 0.3412, -0.3897],
                        [0.5039, 0.3740, -0.7786],
                        [-0.1199, -0.8624, -0.4918],
                    ],
                    [
                        [0.1722, -0.7534, 0.6346],
                        [-0.1607, -0.6571, -0.7365],
                        [0.9719, 0.0248, -0.2342],
                    ],
                    [
                        [-0.1642, 0.8426, 0.5130],
                        [-0.3930, -0.5328, 0.7494],
                        [0.9048, -0.0786, 0.4186],
                    ],
                    [
                        [-0.8315, -0.0647, 0.5518],
                        [0.5049, 0.3264, 0.7991],
